means_isis2 = (6.8280557306750396, 6.5196708389237195, 13.2104828221029599, 4.0786069486867467,  6.7429350440639748, 3.8368984918067266, 6.5494289429095041)
std_isis2 = [(6.8280557306750396,6.5196708389237195,7.1493559413668537,4.0786069486867467,6.7429350440639748,3.8368984918067266,6.5494289429095041),(8.6323148823893128, 8.3903210060134761,  7.1493559413668537,  5.6012913098900299,  7.7222383854614627, 7.6455900264072998, 6.4044433706493917)]

means_precision = (11.953682645775251, 14.454493820888759,7.5631219369555387, 10.284009354217551, 7.5797317991229063, 18.404625078558865, 14.185414178083324)
std_precision = (7.6747315605024342,  11.204791741754246, 5.524039748364002,  8.4529170367174533,  5.2147064730220096,  13.494161273104154, 9.8350066583866731)

means_meta2 = (12.731029559466752, 11.649120212171416, 9.6621585728132811, 13.242219671425078, 8.7744046308279451, 10.155706289122012, 8.42056208093903)
std_meta2 = (10.772593534258988, 9.2070142520198406, 9.6455776233582817, 8.972564579126983, 6.4028690485433444, 7.8518931276485597, 6.9113588556150916)

means_isislab9 =(8.9921138857233682,9.1688273030226703, 13.880491370677388,11.561486888082623, 10.928069848490582, 7.1509770765768508,  13.512587519598522)
std_isislab9 = (6.9051078713613947, 7.0222799148139528, 10.112385627518728, 6.2703375885049821, 6.9339086099097056, 5.4507282502101688, 8.216965933956164)
