y1_data = [3.41329375318, 3.27045012744, 1.47492298289, 1.75629221079]

y1_data_std = [0.374173020771, 0.452492750387, 0.170555044208,0.162316723523]
